ID            Time          Temperature         Humidity         Pressure
3991                        20.9                50.9             1029.5
3990                        20.9                60.1             1029.7
3989                        20.7                60               1029.7
3988                        20.7                60.4             1029.9
3987                        20.6                60.1             1030.1
3986                        20.7                60               1030.2
3985                        20.9                50.9             1029.5
3984                        20.4                60.1             1030.3
3983                        20.1                60.6             1030.5
3982                        20                  60.6             1030.7
3981                        19.9                60.7             1030.7
3980                        19.9                60.6             1030.7
3979                        19.8                60.6             1030.8
3978                        19.6                60.7             1030.9
3977                        19.7                61               1030.8
3976                        19.7                61               1030.8
3975                        19.7                60.8             1030.7
3974                        19.8                61.2             1030.7
3973                        20.6                61               1030.6
3972                        21.1                61.2             1030.6
3971                        21.7                61.6             1030.7
3970                        22                  60.2             1030.5
3969                        22.5                60.3             1030.5
3968                        22                  60.3             1030.5
